---
castellum:
  X: -812.011500
  "Y": 6.000000
  Z: 303.557200
  Yaw: 93
  Pitch: 10
sb:
  X: 89.870800
  "Y": 69.000000
  Z: 1400.558200
  Yaw: 272
  Pitch: 77
nether:
  X: 107.591300
  "Y": 53.000000
  Z: 180.015100
  Yaw: 10
  Pitch: 77
...
