---
castellum:
  X: -811.465700
  "Y": 6.000000
  Z: 303.487800
  Yaw: 2
  Pitch: 13
sb:
  X: 90.488100
  "Y": 69.000000
  Z: 90.477600
  Yaw: 269
  Pitch: 0
...
