---
Hypixel Sky Wars lobby - MMD:
  X: -2563.610100
  "Y": 52.978900
  Z: 744.487400
  Yaw: 272.781105
  Pitch: 13.363525
...
