---
version: 2
money:
  khoagamingpro: 3400.000000
  luuanh2: 2147062447.000000
  khoagaming123: 0.000000
  s1xxfaatimaxx: 0.000000
  hoangkaito: 2147484047.000000
  _skull_: 98866106.000000
  ginminer: 0.000000
  miac_sky: 122059.000000
  tuilafireboy: 0.000000
  ghast_noob: 9286599.000000
  thinhhehe: 0.000000
  phencraftmc: 0.000000
  zackyvn: 2147476747.000000
  nam: 0.000000
  zztinhvuzz: 999848499.000000
  zzngzz: 4800.000000
  homicidalliu666: 417.000000
  owner: 400.000000
  troll_fc: 0.000000
  meo_sml: 87500.000000
  xxorgil_gamerxx: 0.000000
  karapus226: 0.000000
  miac: 5891650.000000
  push: 0.000000
  mezio: 600.000000
  lina_chan: 0.000000
  appel1988: 220.000000
  deadonbushph: 0.000000
  alanwaker: 4998800.000000
  fuck: 0.000000
  ghast_noobb: 0.000000
  ninjageggdgehddg: 4620.000000
  costovn123: 194900.000000
  vntm_tmgaminh: 0.000000
  noobzero_vn: 87010.000000
  chinsu: 0.000000
  tamminecraft: 0.000000
  nooblzgm: 1100.000000
  sorve: 6176.000000
  nxt_sky: 0.000000
  cow: 10000.000000
  bight: 400.000000
  slenderman_video: 0.000000
  admin: 0.000000
  haha12345: 0.000000
  ghast_boy: 0.000000
  gamergaming052: 700000.000000
  mochapoet939161: 0.000000
  noa: 235200.000000
  chuc123z: 1000000.000000
  survival_3d: 0.000000
  ngankool: 1034.000000
  yt_tan_tm: 600.000000
  duygaming07: 0.000000
  other: 0.000000
  noobmc: 0.000000
  ivorykuro: 0.000000
  oh_cute_nhi: 0.000000
  steve: 0.000000
  padmin: 100000.000000
  snakiestpath377: 200.000000
  xinrank: 100000.000000
  katerina2017gr: 0.000000
  gamergaming0527: 7442450941.000000
  gamergaming052is: 94400.000000
  einholzzum: 0.000000
  tajaki_avg: 493499.000000
  jellthekiller: 19325.000000
  samiraki: 487070.000000
  anniecute_vn: 0.000000
  cutetran1102: 294690.000000
  duygamer0: 300.000000
  nguyendaovn: 0.000000
  nguyen_yeu_lai: 0.000000
  lam_lai_tu_dau: 10000000.000000
  slimetommy: 232996.000000
  bi_cute: 0.000000
  vtt_hm: 0.000000
  fake: 0.000000
  phat2005: 520.000000
  hello: 100000.000000
  akai: 0.000000
  knight_pve: 0.000000
  meo: 0.000000
  moplopcopkiki: 13370.000000
  golez_vn: 70.000000
  fkc: 0.000000
  imthelegend: 0.000000
  natsu_jen: 400.000000
  xxfire_godxx: 0.000000
  pfi: 0.000000
  usa: 89.000000
  suzuki: 1.000000
  robot: 0.000000
  shi_am: 0.000000
  luuanh3: 0.000000
  hacker: 0.000000
  fireboy976: 0.000000
  mahara: 0.000000
  nngamer1267: 0.000000
  hero_brine: "2147483647"
  shi_am_2: 0.000000
  xxrubisxx: 0.000000
  nammcpe_gamingf: 0.000000
  kitty: 3000.000000
  fivr: 0.000000
  thekiller25: 0.000000
  miaru: 0.000000
  tosun71: 0.000000
  hoai: 0.000000
  namkha: 0.000000
  duchuy18008: 0.000000
  khoigamer07: 0.000000
  oops_baby: 0.000000
  nngamer5678: 0.000000
  mannaka: 0.000000
  fabianstorm: 0.000000
  twerky12: 0.000000
  promaxnood: 0.000000
  conglol: 0.000000
...
