---
version: 2
money:
  khoagamingpro: 1000
  khoakhoivn: 1000
  capsuletie42650: 0.000000
  mrduckvn: 1000
  vuanhatgai: 1000
  taola1: 8640.000000
  cyuazhou: 1000
  cristi 66: 1000
  heraldicclaw597: 1000
  fixedbassoon524: 1000
  natsu1654: 1000
  juromark: 1000
  oakflame8996340: 1000
  meosumi27067: 1000
  mrchickenvn: 1000
...
